0.854 1
2.131 1
-1.669 1
-3.352 1
-2.355 1
-1.892 1
-0.301 1
-2.029 1
-1.34 1
0.568 1
1.68 1
0.586 1
-0.222 1
1.037 1
2.482 1
-0.797 1
-4.237 1
1.482 1
-2.972 1
1.449 1
0.086 1
-2.518 1
-3.999 1
-0.766 1
-0.58 1
1.912 1
0.853 1
-1.112 1
0.561 1
-0.786 1
2.074 1
-2.427 1
2.936 1
2.121 1
1.372 1
-0.358 1
-3.297 1
0.522 1
-3.57 1
0.528 1
-1.844 1
-2.951 1
0.438 1
-1.902 1
2.368 1
0.202 1
0.904 1
3.141 1
0.896 1
-1.327 1
1.222 2
3.742 2
5.301 2
-1.725 2
-3.641 2
7.869 2
-1.156 2
1.274 2
3.306 2
-0.697 2
2.75 2
2.079 2
4.788 2
1.568 2
2.775 2
-1.343 2
6.554 2
5.756 2
-0.276 2
1.608 2
4.615 2
-12.02 2
1.369 2
-6.03 2
-2.329 2
3.697 2
-3.884 2
-1.521 2
2.058 2
0.226 2
4.392 2
-2.561 2
-13.409 2
-5.314 2
2.442 2
1.21 2
1.844 2
-3.217 2
-0.784 2
1.958 2
2.923 2
6.802 2
-3.34 2
-1.062 2
-3.735 2
-5.665 2
3.85 2
0.646 2
0.175 2
-3.9 2
