0.544 5.598
1.257 6.791
0.587 5.669
-0.309 4.171
-0.647 3.605
-1.575 2.053
0.218 5.052
-0.181 4.384
-1.557 2.083
1.213 6.718
-0.176 4.393
1.001 6.362
0.007 4.7
1.622 7.401
1.192 6.682
-0.37 4.07
0.199 5.021
-0.017 4.66
-2.158 1.076
-0.139 4.454
-1.749 1.761
0.298 5.186
0.688 5.839
-1.375 2.387
-0.975 3.057
0.521 5.56
1.862 7.802
0.724 5.899
-0.623 3.645
-0.697 3.521
0.7 5.859
-0.348 4.105
1.186 6.672
-0.364 4.078
-0.014 4.665
-0.476 3.891
0.884 6.167
0.402 5.36
2.703 9.211
-0.584 3.71
0.781 5.994
1.184 6.669
-0.531 3.799
-3.018 -0.362
-0.121 4.485
-1.147 2.769
-2.31 0.823
-0.528 3.804
-0.126 4.477
0.461 5.459
