0.29 -0.641
1.713 0.358
-0.23 1.391
-0.477 2.068
-0.575 0.831
1.194 0.314
1.177 -0.065
2.294 0.329
1.543 -0.535
3.116 0.246
1.102 0.39
-0.03 1.828
3.139 2.25
1.282 0.113
-0.245 1.031
1.845 0.666
-0.664 1.338
1.749 0.923
0.23 0.433
-0.669 1.255
0.809 -0.151
1.414 1.316
0.155 -0.056
0.595 1.286
0.883 1.957
-0.56 0.543
1.494 0.933
1.887 -1.148
1.125 1.113
1.764 0.449
2.035 1.872
1.922 -0.804
1.341 0.332
-0.243 2.057
0.313 0.895
2.316 0.701
0.883 1.511
-0.782 0.191
2.904 -0.858
0.568 -0.805
2.312 -0.1
1.219 1.008
1.145 0.827
1.785 2.962
0.523 1.983
1.411 -1.3
0.643 2.55
1.283 1.001
0.865 -0.227
0.596 0.555
